24070810
3594511
1897766
3010510
288173
7218018
23590124
12614412
11021553
23811316
17438178
17723125
3630589
25795413
9205762
10439763
2939214
1337070
12830748
21599896
1342906
9034258
25256627
20674829
17241298
14649341
17140502
16792607
9105060
26317618
23321692
18205945
1884668
20513659
8403942
17525360
8957368
20538165
26902035
937075
8033763
6350412
15037334
19951297
16880243
19516150
11194696
3207656
9178124
1835619
10408075
20500493
11156811
19858761
1342306
1286738
19242343
9919095
14589718
24214165
22456820
18717174
8930174
15176685
18328868
11319711
23980121
23285026
23827399
16691061
2142040
15545310
9481466
19657698
12687510
12814457
11554438
24215858
23995030
24612915
11741555
16472981
9660035
24089423
15738536
23323659
21660428
7680306
24559095
16909273
9028057
19968217
25246602
21224870
21987240
26122982
23532629
17019627
11207836
19646778
24291456
6113821
17513813
22987897
9572900
10337433
24229362
22982948
18004169
12709801
21740578
3617996
3877292
21266651
11545671
24146455
24549163
10337083
16802487
10355394
16603337
23334070
8521712
25456370
3954130
2808984
22578685
18467912
18721764
23828383
15733631
15681940
10637238
14980919
19716589
16714498
7492424
24387919
22999292
24986270
20023215
9793091
7219904
24785600
7572690
24564308
26279073
9499947
16202291
22940159
20087785
8872499
10194485
26225700
24915013
19880586
23562192
20332358
20390261
11876893
22349989
21030056
9932558
3410812
12531809
21036891
23017624
12872081
8885803
11238483
25119339
20932687
23806094
3535021
15358441
8791949
939970
8123947
16382035
21060033
9713225
12085177
3963358
23510581
17702798
10463377
23385110
375690
15625713
1409770
10404444
9818888
26156941
16238662
1536276
6344196
21098003
23647705
9594153
22045148
9071556
8450402
18565251
8966003
3586567
10338217
19531038
25380801
12971959
8888660
9809934
12176916
22510874
2694356
23972722
14690574
3307623
25292351
12748567
21418212
20796074
20090434
25530107
25953148
11943119
16733916
8568534
14670288
8509099
25287262
12183788
18678578
24958585
20937044
20522464
23466656
3516608
22499291
11100343
1634173
20434046
17934678
17618948
25714521
19803237
3531514
11708589
10889149
2688237
11106679
21048041
20560900
11547366
17047022
10091821
20185596
17472838
23880333
12049860
8871414
1548248
20828635
24225126
24266796
20056901
3137065
2405107
21193295
24234676
20530957
7944932
10661479
11706697
10094243
10555930
8770304
14662278
19437058
1411449
6345111
7047002
19901118
11922398
9044492
2693850
14567804
20229169
25616941
23339584
25668435
24714816
7896655
22382875
23782128
20043831
1593244
23525780
10209728
18093356
12787235
22160347
12031821
10424316
22480794
8655422
8115195
25818246
8964276
23481373
15189800
2755692
19102810
15673999
16870004
15536093
16448427
22421496
8708726
15746053
8928893
10492627
20635521
2544249
11804430
23118720
16343383
9002920
21457605
6360773
3278798
11140546
380614
25623276
15730346
3557014
12201937
20647058
25475363
25346345
24391123
25178668
18787937
10703628
24065423
16824559
26746121
23361064
3307414
8921775
19779715
23773886
2868645
10575594
8210831
19243606
16190799
9474450
9007148
16212446
25225951
7789678
10832774
24352377
24687182
12654143
10080319
24550145
17179098
7705531
12017793
15169706
1415973
24256459
15891326
21067912
26551184
21909698
9669262
19763803
25515056
26040302
12457629
23909380
19864187
9672054
8436638
6143667
19817753
6416184
2248073
15492949
15223738
8986845
17940245
23838727
16379508
23688859
10230191
16957977
11815957
9316683
2577555
25807670
18374024
3516395
8733449
19127003
20504165
7742155
8392359
18632218
22904179
7887018
24885187
17410213
15688961
11916791
22527308
14506591
21793626
24727325
23482575
16254100
12738312
17341994
19911168
21800228
24007198
11323998
22344198
2064495
17391914
3075724
15824212
387204
22537359
9562733
9269786
17717526
18555063
1857525
14616279
19368912
22020134
12604982
15053783
21484217
21047593
9066329
12564611
17868242
23775967
24675714
21115906
26606872
11305684
3319640
7481533
7923712
3139179
19995250
20145986
16540291
10602739
22709810
20844187
22692116
9469367
19154562
16197624
12378396
19106322
24107284
24885551
19023654
16753722
19122080
10678548
11710599
12813449
23326865
8179165
10685817
10963640
12653872
15319704
17064200
23111617
23197299
1793881
12576246
12925182
8352625
8790079
16671415
12121427
418433
2679258
16804044
8374255
2895910
17160228
25992523
3812946
25502833
15084616
2690913
20587582
23246790
18716736
8411891
8323420
9428861
21434781
16326121
9926538
19590075
8595286
16596861
17093162
21860188
10973645
10223244
15533466
25437533
24761456
7814161
3063541
22008443
15051597
15996057
21354925
15894770
7072873
24658964
16904970
1440804
20592840
9825232
11781402
9337835
18371465
9987969
18415946
24526141
25888263
26148018
24919102
2454375
23001240
6839001
7831455
16275518
11791023
18333888
20031809
21430242
21237718
16981901
10380161
21935685
8435382
15816106
16850327
22377512
22146934
24431427
18836092
10807619
24315548
24132766
16437191
14655885
8045623
8378411
23869063
22588803
16730335
3539897
22265360
6376144
18243378
17045894
1707797
21785368
3284632
12204666
25015354
7954555
18592368
9778067
19523697
16239862
8582461
15956086
14966713
7946102
24027014
19562475
2139523
9351754
20708275
11196396
3260083
22238957
6751144
22583459
9109702
2871744
23500669
9657576
10361382
18029492
7562882
1530836
653534
772759
24637941
16119478
25022743
12160584
11443835
26158622
19781408
9647338
12006271
17482439
9185746
6516935
11028492
6938012
7011331
6927657
25282520
17479312
12742556
20008622
17724294
25234479
24146058
12084138
24839884
8873520
14716650
6734073
10939601
417361
17884602
8628584
15623221
3881176
2975995
25101966
18686184
25087908
24628747
10036953
12511152
21439528
24323035
21833823
16232016
23539079
8798245
18824288
26244758
24925605
8792262
7174605
7552649
25224595
18051010
25612845
6423162
7010528
15304592
14985215
15963401
1527133
15818697
10992833
23228924
20386431
16214437
23045537
341733
22838229
24074927
17259154
16431255
21822764
20705223
26653722
24914426
23392460
15002089
16108781
26316279
19148734
22989921
24781441
25629971
21753062
22845070
3533340
12021946
2576261
23416308
17114905
8837189
16393600
15279417
22526891
11162323
20940688
18040663
25040756
10606880
5090759
23075031
1497864
12663340
22583635
6420374
7616334
20440639
17387189
8971536
9182738
17490965
9055050
15224298
23280086
11743411
17634259
15610252
16859579
21672315
12055323
7891203
7851604
404962
23586852
17548021
16864886
26139208
23381483
8376638
43164
16099893
19552744
1616359
3548803
3900301
3287907
17395055
2183734
10385063
22548691
25407464
18702687
25519880
19092729
23257173
3673207
25264862
16095766
11348533
25840597
21665462
24083350
24335055
21887489
21222024
12886239
25546925
18429536
19577150
17321529
10148879
14989068
21355149
14599236
15098782
20863389
19852790
22595172
10636373
25101527
19019444
17852793
7674231
17426001
18420953
1457622
26385172
8530236
22586827
17069543
6836750
8623957
16740812
12579266
8580292
15206990
15713151
11154142
8275903
20199680
2108990
15897310
16354710
10901647
8214547
23528101
8403910
2508567
3279698
24011178
2240543
16772718
21402409
1670445
25496415
2855516
8161002
8932546
17603862
22419350
15167457
2019772
21262119
18572078
15571443
991148
12090782
23715565
23205617
7554709
21154265
6307704
22926008
11570966
17947724
24694748
16198776
2943781
17971587
11411192
15641975
11554235
23944980
23097006
15830983
20104460
19904268
1423955
14685645
18802150
11920488
20966820
9405728
19565731
22035883
24807158
18681363
12791549
12850861
15080019
10200837
18067498
3189201
2768768
7806134
6151482
19515873
21366734
1617528
16686565
20946966
20379614
24277510
12182253
6482920
16299669
22011217
19912211
25078976
10563544
17968030
12440177
8297739
11331721
1911013
16083628
14616872
16911649
15642753
11384820
23874533
7733424
23306077
6337497
1683365
6740101
11318056
16335132
15486373
9512674
23524367
18843564
23084254
20337981
11074150
6119875
19169898
14996144
21767149
1300984
18080171
19808281
6729651
18717189
3739807
9303285
21997224
8550361
8712092
12406050
1927197
18376682
16801333
3553277
18056791
22882961
25195982
24315475
22006202
22550938
24824660
7381634
3896455
15985559
15264973
3333530
2073645
20189663
21425723
21892106
1467386
24835171
24992750
11691528
18321372
605912
9553664
22133572
7259216
23394513
20569725
17519714
10690697
23820434
25252600
7390376
19396947
24915929
7995325
18711222
19435491
3926042
20730486
10382134
22079088
18320520
18666040
10971538
21429223
7640140
20584070
15039684
7005474
10832772
22402015
22735897
1526697
21596605
14550686
2521868
1682643
7881703
1991872
17516492
9894936
7092002
8884623
24384588
24156287
10759619
11932879
7803065
24467617
22789149
18270751
15180835
25560349
1894676
23592849
3307842
18523583
15914517
1516345
22513516
24147543
8034784
22906338
20356395
8640699
22092941
25223836
14617595
19470807
16454975
12045163
3541596
20203165
10817768
9704200
10742359
21432860
25533997
23873901
24559178
23160656
24006504
175669
17179873
11836674
15530681
21930490
22014222
11322670
12042231
20109864
23984944
7670096
25690266
18157013
19948625
12199005
15612617
16119805
10390407
26448791
9720660
7997384
19404150
12110494
10619912
3098997
25973096
11705818
21931984
22972771
11535502
19284641
20061334
10470636
22038637
20084587
2295911
8376441
1853794
10734271
25088089
23905378
23127292
8333941
17519148
10889804
9931796
6721970
21616612
21270510
20657150
15233698
11570022
17149715
9301391
8473426
9834207
22385102
371644
16381993
19047882
8801151
15353873
10550137
10720081
9129469
9078197
10651597
12094254
22964266
9164427
8478759
11228756
25432493
26323772
11981150
23249643
10337847
15223814
6390445
23469597
17961229
22275153
2672925
20488452
10754477
8394956
17302075
20017819
21690083
26691535
22572567
12718385
8101194
8227803
15948916
9833745
19001103
12123333
21419391
7015093
15506067
22492697
21087288
1977089
25474530
24127304
7449282
16503545
7857500
10634838
25923852
24749259
19304046
8770026
12058842
23857884
15798610
23839319
8091822
15093843
17414940
16113620
22240882
16413605
21811855
11849797
3292597
17941770
20035541
2168532
26485385
20167900
3830804
2128415
8942899
21635675
9532999
24164087
25534295
18852963
6409006
20957631
7104637
25102328
10735838
21396848
1707337
15608043
16648775
19852789
9801481
1391736
16730541
16729400
14660988
18417969
17481800
9230829
15814479
10052279
21975559
22219012
21720441
23092665
2761917
8467286
12844393
11783270
20822543
20356587
1730427
7942578
17118092
9676351
24767206
2491829
8908288
16794504
9751554
21949005
21844080
7755996
9751681
2474103
26135372
25526831
9430799
15481334
12616671
18470779
18957157
24710131
25957107
555487
19247233
23241003
21171314
25392671
12642251
2076713
15915547
18077065
1486965
2586565
8276557
17196275
26223240
12021824
11377310
23484763
12713767
6428372
24076133
10517426
7981078
20957980
8872685
26153884
2105256
2527542
1358607
20406576
16939848
9203648
17715164
1815520
20010618
21243370
18318721
9808499
12073766
21424566
11683484
10674229
16923411
22696626
19062727
24327720
25149412
10957888
11429349
23104718
18818024
88754
17967671
24375082
15895329
21593282
9989713
15189781
8467027
14995965
23061531
9758264
2486557
16146466
1889248
7526007
3885865
14628158
20837163
10235220
6958487
19346279
3300426
21327867
18501909
21788433
23980091
1408861
7205145
12970516
10509459
19535468
1631861
19480863
22118062
16360994
1992319
24886549
9398110
18382824
17019624
8159300
7692028
20201949
24402830
22983407
19397502
7643653
7591314
6111083
17721955
18845704
16014845
15764958
17178532
17207470
9931911
2963645
7704288
21072224
2881132
15940774
7733183
25348544
16822100
23410851
1492408
17977295
2647294
21996146
20106358
22574591
8832526
22156967
9769784
23128568
18161677
22683613
22843280
25778837
11013281
12401759
20164800
12567169
23113962
17700649
23621350
23407221
23084676
1621668
15088136
8507025
2975949
3220672
14668075
22987106
2232625
18626761
3166942
12793516
19143691
9701205
20535539
18855271
21272822
8832772
18609155
16418843
25296247
22153696
24573180
12239448
21929716
22294238
19644973
11143509
22740508
8015504
15778725
19958945
19621686
10968308
20232240
9084194
19713225
2195532
21618513
22610128
3085131
25594611
125133
11085402
17393618
3839157
7488285
21990307
8498878
19512937
19861631
24684165
12769155
25915138
12973849
24840596
19574500
24061784
15482502
22133872
21416590
15309442
9806121
12739123
10685722
6367857
23361389
8222739
19407805
8589555
20070284
17244100
18165484
11789002
2116385
6586277
19324944
9572066
23812661
25865294
22273828
24768960
25180722
19217236
9207470
10755175
17950167
24920862
6807568
17276750
20486273
347921
19199847
24716586
25910710
17597498
12185505
16480401
6324934
2764265
21389925
7960300
15449150
12974687
22001361
14650863
2162258
24626980
698606
1725537
25798575
15191260
23735703
25142189
21802739
7712308
17123125
20934759
17926617
26037484
11253439
21189767
4004503
8616024
19590523
20304413
26510263
19692186
10476617
1254157
11104595
18779477
19040172
12074271
8840371
2990708
15013543
10201101
21463068
16220085
15241630
20726258
7815983
15193939
12243889
9006598
2709180
24689172
16007391
8877260
3304622
21595978
16492716
8056005
20484620
10382082
20726255
24292519
8623941
11379334
8277075
7032811
8090084
18486741
19054570
21546263
8169405
22446996
11714591
20460711
24626433
25284194
25798729
7527453
3122275
14656280
26209587
701664
12660676
18946011
16337719
25223963
1723467
11159256
12551867
7595712
16879331
9761783
20569998
393286
24173178
14699228
7859140
10568568
23890774
20839989
20357382
24451146
1712835
2196621
12402011
15653006
18488812
8132701
10735900
7646610
24350695
25229605
24473220
8281875
16411994
23386127
8841156
6397729
25572620
1336890
22750958
21575074
26712084
21042930
22892323
23942329
9399611
22006695
7910732
12452980
10379020
12463729
25851025
18298579
6148163
24505318
18791939
25279666
17471343
25622776
16214598
22198983
23101743
22015462
10352397
19681862
8561059
11265037
20113305
22342106
2678349
23065684
22348801
22921159
7649753
18330493
10947757
15188980
21704300
8540453
18410301
6410450
23535873
10618526
9777717
20038728
10860330
19691092
15817848
17165495
12418582
12407485
23659834
19595104
22690882
20221773
25644584
1920171
17574073
16684856
21800222
8131429
6624525
3931144
21574725
11881749
6764321
22414705
19702485
21908036
16540862
24393553
22825926
20576092
25304947
16900709
15562654
10594393
18288059
9648960
1394200
24679061
24926950
10934908
23690414
1645768
19526613
12135593
22648717
24275895
21996342
12630606
8980774
11549539
17722826
15937908
24231167
24268858
8018457
8272303
12193353
16229958
17097398
6496450
25450124
20484550
25524655
10663363
15968406
18353086
9349928
12093460
24417452
7617857
16329017
11545629
16281190
26068086
17375984
21233425
23652826
7699494
17196973
22808053
9400786
15473502
24282036
18235123
12590404
20010551
15247730
24641638
12855087
7907677
20394631
16555138
23815478
19207781
23929781
3745846
19470936
25801058
6633131
2780120
1904908
24231646
21915740
12599844
3168620
15374792
11779598
24517028
24964689
8245359
24599830
17175376
8391792
22067237
17901383
22459310
1832287
25080906
11395821
8487344
11360574
9419170
7936677
18362489
3337028
9546119
2182235
7491394
25403582
3112261
17367324
23482762
25580916
20209171
22414202
15278032
25619686
14752429
8960488
26002536
15119720
1699814
20526599
3103932
19958108
24897394
1319876
8104273
7593698
3342655
8858230
1291393
12067044
9221965
15482080
12239480
6350097
7893582
10077140
15541087
19915222
9745404
12614707
17985004
12238830
2146875
8882257
7148967
2891940
24675775
7035637
17069542
20536364
22768793
20218011
24691455
24138011
15937606
18679829
20620365
15922817
14623199
17133499
25187485
19365716
21846665
12839657
10624759
25617202
10554799
23114568
16426958
18618513
11561265
1359322
12666946
25589191
19371887
11701433
11069570
17377092
20830241
23438314
10790473
12668582
23836550
15889546
9700583
11034038
24916506
22221670
17198705
17388667
9553982
8421029
1799472
17433718
20152559
20936417
25527253
19897177
2949396
15534261
21484517
24406481
11888774
6403413
22496207
20843746
10871578
17113685
7676782
25047312
15477492
20472253
15749735
2319047
12057986
17286730
11302295
8779018
20237484
16719652
8644688
3653128
21188521
7963648
12139152
23965288
12816740
6761890
12876178
26160997
8127293
7824501
11915576
11500608
15196300
1722167
22495940
22182296
19182698
18522171
11205419
23019005
15746480
22608375
15800226
16283087
12651674
25885180
18339046
23746205
16030275
6650773
19675193
21445888
21600592
17998493
22151475
23463854
19174717
22709747
8292465
1741218
19111789
6871470
18394874
17694216
23875574
24767004
1908493
10848655
22147942
18665413
12538218
25365653
24652860
7706148
8208874
9933852
7956382
7966066
18070300
23504941
9278836
9296510
9058626
11053333
23164311
10870534
10770979
19821888
12951131
16907931
18590393
24852722
25791707
17625432
25234481
15509022
15975721
26217065
18397386
7923916
20155309
18449445
15987536
7708953
10599355
8823584
25681235
18453793
8419816
10155556
23768813
7029293
16882628
21410033
17621027
1445476
9180065
24214840
22465608
19552904
24781567
15689088
16104966
18431478
20673485
8828933
15162076
6364880
22080631
24534270
24122191
24365986
15656360
3544187
22215436
25359159
3030386
18556898
26214440
23578065
22311204
16452103
24635110
1721246
19193781
15154956
20415897
9241341
12900807
9652561
18409186
21548512
18096070
16116013
16257339
10594396
25700292
15358872
11435682
12148711
18566882
15930233
15490072
24330473
12233987
11888754
9351400
16124442
19968048
16940738
8338943
19365397
11450816
9235679
17402204
19109542
17999404
17954768
25660225
15886667
15364709
17014731
8708224
22800470
3803417
16435344
8512622
3089050
24237999
20226548
24216497
12108617
8383874
7964960
15994720
10374155
2501509
21859193
25260191
23104617
1326734
23483320
6365881
17700083
350565
23992605
16942963
21869698
23379651
25806587
14626750
23782126
21434379
20638818
9394942
392623
25733274
23020253
17010794
23647761
20924261
12271298
12370849
14520769
20875504
15816586
22278094
24119994
18248651
24035299
17443855
24104513
24272416
20054544
25179065
9076205
24337476
7557852
9513236
3503390
20206437
21512834
2928074
20001837
19884541
18602522
11374137
1515255
1100179
9670112
25568377
22682024
18633049
18795522
11699803
23027887
19280799
3532353
15587240
9676408
19814586
9825384
9076457
15973098
20345030
9862848
24101016
10719133
1396108
24982504
24184410
7910792
6189335
20122038
25084009
23095369
24201696
18357902
2788816
26678641
8607589
15181401
15965438
12680863
7200736
25029834
18812446
22968615
16079640
16596465
7829176
7881024
18806616
7010854
22818151
26510728
23624061
26166077
7743697
19786383
23052635
20519346
16238797
18541792
24988121
17762804
23862237
9601831
17722829
7865492
17472664
14576501
6227244
24965333
16208798
1584260
12704402
3134815
20976617
12585821
20633669
2181434
24898574
11199239
1289508
1326339
11957440
23365106
11948051
15182139
16731138
21915543
1459383
10706930
19563641
17467265
14519754
7006663
20378181
23975885
10443725
15310639
22732966
2947151
16911869
19309326
20624257
16413892
24266855
24713181
10499652
22695168
9332112
18761646
20865676
11350502
22502844
19638081
11295009
14625812
21487259
19931151
8838389
25122429
19035420
9951491
12037693
23073171
2663585
19139601
15960694
17695603
22129897
26382998
17974096
16522696
8940983
17664467
18339093
18289310
16177585
8604728
16548702
16048456
12823122
19606510
16037751
11840031
19415341
15691793
25892145
17009251
7856515
11013775
24281134
11867842
23045243
20124059
10993031
18582177
1444872
8655293
15446660
25294277
8296409
3430295
17935144
20201661
18395723
18462303
19135077
18588611
17149529
23066765
9777899
24069775
21206549
7672876
9664917
15302787
24488157
17853393
22434360
25912590
23648162
6366124
21309696
10517189
15055890
16505756
16087911
22565413
11877686
2068469
8570775
9170524
26224825
23870503
16160627
3146231
11015817
20484002
23587455
8815984
9049582
14521638
16784930
20594308
7298122
26665290
19680697
18561117
16125499
18278302
10861653
24012722
10826576
10816058
1553169
21040167
19371522
1759534
3318754
3957541
20973712
21433319
12614193
25670026
22810989
25471330
18271235
19201326
9003876
24067301
24961537
21639806
16293958
22743137
12876177
17613280
17848325
22136317
12804020
7036799
21090563
25082565
12496956
19301089
19833610
20058059
1742482
1818543
25528326
1905592
11978277
25820842
18082528
20204689
16864164
9039228
18581595
19169289
18953651
15929820
24878589
15741848
11056245
25432505
24732169
8644646
19910815
8456467
6150716
17073957
17934527
12036809
16199793
11004058
8918486
25265770
10566623
11860915
22485232
17334477
16562630
3528402
9587285
9413463
24447434
21667200
18391640
1862788
12452403
22777592
1697914
22678947
20646286
22151477
8519722
24928832
25253808
23753523
25311217
7955250
1334639
22185349
25778317
16527796
18235151
18783414
16920077
2653041
22721596
24685085
10992834
16904652
2426069
21220480
6455048
8018108
25044819
25238860
12792318
22634446
25644279
25526832
12881389
17050770
18303031
11378833
7814306
22131601
16950955
21669583
23613224
6360688
24635039
9772038
19801029
26551748
20100962
8891846
16963850
6849726
7888291
21038654
23952897
26138912
21575130
9495616
16044227
22946606
17174704
9828635
15131557
19109835
15695500
16908870
21610189
2184179
22471381
9393422
7679164
11595000
8334086
8570879
19022794
23893101
2374275
24752311
16128933
12653895
20307262
21288666
25532076
20817247
3114351
19508318
396063
14669937
15249792
24433230
9652612
19073386
24318457
25801501
23773380
11476129
8332150
19660462
21118369
8106772
18989547
18714238
20673857
9690103
19066101
6391269
20494434
2180462
25865864
20157845
11343038
20137718
11157143
17046466
14745744
25009139
2494948
17943674
10770301
9864127
18704672
15466792
20034362
23102821
1937073
4154124
12377836
20608027
9293648
18261537
23512255
17331650
15200998
16948927
23754339
15274666
16600723
11318022
22134468
16097539
1673324
24324004
8331682
15476575
1911498
8156515
17074147
21785360
3385217
1584317
8063348
11838820
20051135
22050796
9070546
1728202
12492271
18448859
11485124
6341410
1997878
9703286
20204691
17194950
24252844
23514246
20506785
21989146
15305197
20069077
9411221
26109247
21721430
16712638
9742715
14970775
15472677
21035047
10195003
23766737
8275152
17404138
15224627
23715475
12050494
18606053
14763475
14710214
15764256
20636866
9512152
12638834
19169102
8162628
10660161
21385351
1999025
2382949
18246895
11297722
16567604
12462350
11022066
3608343
15845130
25367544
23988781
7826791
12538120
26100611
16752282
18802161
17152183
17852958
15979021
25342205
4085165
24437202
24408892
2461017
24189342
24338168
25963675
9088586
9101850
17156651
8097925
6686808
18794865
24325899
16472720
11208371
7975860
8047747
17845737
19481433
10203382
14984440
8750409
10757579
12113323
3370523
8279616
12202662
11824175
24708422
19264972
22906113
12651635
16887481
16757200
25555877
19502023
11292273
3976757
17535502
19017582
2699786
20431081
15837967
11234566
10634835
25048751
25488965
12512598
24345834
16961674
16296713
6134039
25246693
7539544
15947531
2292547
25691677
6762195
23274597
9788422
23838275
9647873
17984242
12780755
18054932
21639907
19786879
22631032
12093332
15538933
16845576
10197379
7941489
21586714
12638099
3950826
10758987
18535816
22048089
7840362
18431444
3313023
17164971
11471578
16806442
20329618
9735623
21183747
19897063
12168688
24919961
12424317
20616786
11414348
24158898
25344395
23224592
21304253
15745138
12932301
4037540
7801065
19002124
11064610
26068449
6374683
7593098
20813580
11246578
2015394
25056444
12059064
17575230
24679062
25017958
12541005
22079053
12065558
6988462
161652
20694508
17624203
16585311
11219757
9819368
26054177
19948568
26037035
2188165
17907108
25283504
9042119
10741842
11396751
23118244
8463520
14674492
10714690
10682031
8787364
11812696
17445928
19681257
19661796
12356631
15358853
11450818
20102444
22511135
10361648
1350581
23896590
10207709
11932900
19491859
24656872
17941914
20027352
25074072
15523393
7635420
1307461
1835223
14622630
2192405
11191952
10172265
9855086
22490110
15238023
1610994
19701509
9642484
25241527
3116609
7598920
25001365
10213233
15914128
25854713
21097567
6206796
23902627
11098982
2107116
2148830
23275644
22640463
11045790
7906128
3690941
19998583
6418295
22616853
2199180
24530652
9735531
20683712
1390473
12505565
24817216
6756508
9839765
631030
20598044
18208642
8735490
16313112
16145415
813984
23134960
23660099
25542917
14732749
24930383
24242260
19415409
25439417
19487623
11073017
1827602
24684867
10224577
18242415
21914906
24032193
16957425
17280773
21063747
7655889
23611569
25552279
3300436
9327193
15324531
6653648
10707032
8260242
19155155
8094114
10808042
9437974
18322606
24661050
9706929
10971307
21131142
12790985
8198938
24490842
24998293
17662102
22080777
8213019
18781287
1479049
16794570
10607234
3903063
8689462
25893544
22712208
16200817
9885327
26225500
15673801
6849742
11029568
9581739
17959585
18299305
22040533
15307010
9697788
8610775
15356085
8748041
17366257
17082978
10683506
3278754
1282182
24472253
20089562
12396317
11517983
10525558
23993773
24737062
20615885
8487324
12358251
15890448
12629094
14650571
16173223
25350539
15025886
23614586
23436524
19301691
11718681
24902456
15774238
23414585
21543343
9892252
19159477
26446239
2663834
25865762
17516971
12553591
16882678
12928692
15829494
15453848
15623613
22079469
6403021
24830937
17942872
23931247
19904596
24195864
1715416
25719544
21412846
19188136
23343686
15955950
9607867
10089089
22082673
23360819
15572491
12546485
26205311
1623694
21787048
20102495
21214129
23632800
3303886
22101219
2035777
10225743
16006861
9497116
11488317
25083601
24682707
24103072
10539493
22038501
7799030
26529471
1255322
11931782
22923209
25441055
18971406
8274583
26053242
23860945
7969211
15223903
11751780
21120480
12834936
8318411
20865678
12824973
26181707
21938889
16879519
19223284
15275765
22676466
8904679
20884344
3884411
17276748
26266420
15220012
3382462
17051443
23609382
22401811
1302807
18982929
10685169
18635304
2188871
25842725
25286703
15274670
15616772
23511149
11978262
16095446
11748974
3550340
17426180
14616151
6108264
22306962
18670875
9683400
7489845
17979862
19807791
17383295
17961835
17201540
15141043
11210885
8600885
19622708
19853700
9849475
2869714
9809262
7739439
19155827
16230665
21048092
15673894
24634631
9931687
19708471
24263699
25193142
23212807
10850381
25348594
23405947
24286965
15673098
24033239
9772108
25764092
12241713
7774537
23185761
20806998
15468367
15198767
22392415
16855426
15317925
12096292
12410073
25012645
17357577
15897822
16089221
19941058
23760519
19644033
8268649
25797097
11835021
3675403
8453557
18752063
7946254
2510260
8686245
8893393
15260182
24261547
17666359
2882234
20851499
20413513
17917935
7048172
20439105
10757250
19117033
19798489
25810108
3732715
15810908
16249417
1960378
12233894
21902704
11352886
12033348
10986219
9514454
23361105
23332872
16904524
2642730
12568856
7761019
2698934
17595435
23774272
17387192
10352330
9493479
18390022
24771618
22244705
17657694
12478408
17501728
1833682
14627879
24934732
21531178
8571077
9950438
2474057
2177746
8707361
12422941
14714361
23466353
8731496
4077545
9231814
16890144
8712652
1595776
17126434
22985336
1331023
21719717
22438600
21458811
25694364
22476876
21998264
1359809
19682100
23776270
17490976
24564346
7810153
16483029
2165088
23619951
16399263
23566237
1945967
7134226
24101716
17767200
11331049
21295919
26208985
24077211
26315857
17244294
14711190
14998846
24518002
6885201
17931375
25675062
23312881
17958625
24280031
10097996
23205521
9172668
24738609
18845806
19459553
15877748
1359258
7650233
1799151
20004758
3543069
8590792
10506815
19080323
23292082
25542620
21664059
7053590
19333040
20661580
19545929
22853706
15165532
14636372
10811665
15474171
17432640
22670827
21598839
2540788
3174738
9040453
16093405
2015149
20203546
9190129
1410028
22628369
7528271
21204103
20831671
12564610
19127179
15781835
14596755
3353525
12424783
8060436
2014978
10190267
21967909
3545842
22924950
22617130
8208469
19430389
792738
484261
10928228
17901881
12105288
24554519
19278832
24274627
20530107
15943172
23432894
26082615
19833962
9935005
11029345
18678836
21317341
3287226
10726430
1919850
7644960
7032533
22066973
17408924
20486905
8964113
20470677
19919399
20712132
8126502
6522132
10643677
12642847
8911127
17276969
7928125
16311751
19996335
12644413
20965956
25062129
20654755
18983318
15652441
8053586
21054362
3710012
15821644
21276573
25861158
20881754
10348763
11068835
24085050
9632036
23102530
17912634
20447037
9393424
14749563
18368792
23642776
21692873
11237545
8282676
20723873
25871593
24101715
25459500
23107353
9048274
7485923
7726441
22325844
15573541
1860302
19705924
23494559
12505733
9547958
22531825
24418366
1592650
24803366
24930179
11413274
18948032
19958431
3123115
16731878
11709366
2968595
12198659
8709689
7892971
352099
24666361
11214014
6342928
26151440
8752181
3538985
1488874
8636370
10768434
21309374
11981066
11815321
11965204
23952636
23016708
2956874
23688830
7007454
2741888
22512510
24534682
17631392
7492158
22332211
8141163
16508555
22092536
11832869
7977921
23140338
15012924
19564877
12618690
25963425
24502859
21379582
24637998
8458681
20042310
1880321
22001391
1575174
25122693
24336330
23942708
21346207
23108780
11454840
25349264
23955236
20228284
23404659
21034619
12044624
8137583
25934164
21978765
16767966
3704665
2932908
1448121
25162407
24676906
11786587
23886027
1922235
8614301
18322594
23475835
12585724
10592853
19805710
18684258
17201277
8866262
15793648
8673938
11132252
20019137
17717132
23296213
19081412
22156577
10410152
3081148
23680243
389265
23639612
16647616
17505452
22967497
19620953
9001833
14722336
19910076
14661011
7707405
16915076
219802
21226576
9196141
15472185
11108177
15678729
25186034
16709205
11701101
8785132
6148879
16651950
20491838
10837440
19357315
26442399
6753091
20973459
8063943
25542821
11446476
24973545
15055365
23046525
18078449
8856425
19051459
3108794
8387067
25577772
2468745
1797999
16027809
26121801
16108749
18273636
11579299
8123267
21830957
12237625
8657237
15492789
20068494
1659236
19138400
2085344
21190079
26573368
23716409
24716680
10997806
24930546
7486842
10211492
10814606
17959958
17505437
17872451
15068403
12823129
16889080
19001830
2648816
6992570
23065117
16394797
16772581
17997772
8436747
9718870
24602973
9531360
7936969
19779611
7235205
22320409
23808817
18837418
7326194
2286596
10649829
18215978
17324094
11994052
21918912
26527417
10690138
8752254
21047588
21621992
25428632
15509083
24097277
8978338
1541306
9330779
8155449
10208073
12456431
21849168
11860536
15492353
24673076
16919138
9757955
19666626
15741753
18972730
12423984
10448447
50611
14605954
18328090
19682342
14578078
1376306
18672629
15535495
24722560
8712112
9818688
20952020
10439497
384574
25455414
8614420
16930934
3306431
20697791
25919773
15916851
25659440
24225475
12437457
22412171
10429005
12569977
6123810
11034934
10489959
20680681
22045826
10337657
8570776
21260940
23510984
9006472
19672771
10781855
9099447
8681312
16304214
24913600
3816105
9732932
12151468
2208619
2564725
10463847
18701020
8722072
10084579
9403746
2711711
2590611
8367775
26449882
16791814
22834767
24821891
16739368
15172423
15272537
7584286
19282350
20537413
11549300
19054718
26279130
7559252
12576957
23362251
23229426
20149953
7620474
7761011
22847319
1710660
9407259
26467901
1640362
21654265
7595068
24384538
23630033
25424398
11839712
25561389
12895217
8434135
8238214
16644334
22370992
21545527
16316486
9532967
24356715
21324150
24972577
17037712
24105031
15769967
9205768
11752031
14609821
4938245
16541481
18062520
22698563
3911965
6125181
10188144
24799074
11683967
23130813
6377221
25044079
10360656
23349254
26449739
15217131
11819768
20508979
23337964
17003665
24113340
11369627
25022248
24939380
9174876
15994014
22066521
20061873
11284463
17466465
10778276
21705084
24839882
8035029
16230666
12005275
3475309
17224353
21851906
23678498
21135366
15312096
2691638
7075499
8849265
22124576
19544653
6425480
26052790
2936772
8259746
2014078
11956614
12169964
12602669
1667693
15191587
9308064
7551999
21552085
3117477
23021480
25549656
17404792
20630604
21822762
21950736
22850220
6131800
23021898
16167251
16840576
21552726
21334545
15781531
26122384
7017139
23964752
22115710
19433686
8129324
1378689
15299181
7654128
3548346
24694924
25648577
25070364
19729979
23588127
9207711
18341602
24092940
12356338
16700802
22795327
9314855
20605942
23127528
14715180
21586215
6261782
20004739
16495253
23405154
15909709
8133853
11746070
11453509
10674681
9683043
18073312
17954800
25342184
16393740
25640884
25564411
15327617
23727103
15175435
18485420
12636954
3447334
21207788
21142736
27025129
17617281
20854436
17208334
7881454
22395144
15564950
23477890
1751266
19330493
2245435
20216293
339662
25451017
23778526
8852235
22525955
23716291
14996351
25465111
11077389
8520804
24898318
19641009
7997386
22951426
25822242
8197064
26078323
23233021
8363113
19686304
19368937
16116055
3519550
23865673
22920273
16204903
1370735
6123343
10340153
16253098
2859779
24399100
19701647
22039290
9342133
19780729
9225710
8624384
6384285
14977031
11837468
12882611
23812665
15383046
24345974
15848979
3624669
22989372
25262168
3287999
7612555
12131309
22214113
23870440
22659656
8472567
23400613
1854617
16378639
2218657
15591756
25265769
22324448
23173253
15622265
26036646
25066648
26315981
25516338
2959901
21576129
10632537
3001523
17174705
11408369
2644391
25492271
1119679
22686292
16377918
24557758
15377466
19462303
16109116
25659828
15220594
15200727
10715372
3825543
17035531
11501687
17450704
15603203
12375315
19570717
19886920
26016867
17899340
15346745
24713222
12844138
23381958
15894964
7272152
24974254
27532829
21320312
7211918
17297382
15193471
11136837
15523323
26204331
16038713
7673658
7995312
18606932
20159310
6844471
8780837
24457421
11816482
15132762
24217336
9690266
22669453
25760553
12676060
22692114
22092038
6363798
6366148
9850026
21300377
18161643
2865615
24317552
7564450
22638779
17083268
15463829
22727707
23192919
21664757
23699515
9734727
11472320
25887586
21261975
24925924
25449737
21432861
6108319
18957505
15857741
10356632
8141223
24104511
22917554
12116339
25045936
21042763
17171539
22050040
8015776
10414756
25776840
20305865
11213870
12956656
1878735
15356657
6850464
7527107
12443948
18343039
15719741
16601648
17608965
16595217
24366350
25481453
24112670
24324379
11550726
19772883
11778352
2607948
20946200
24660272
8454478
2195054
8561526
7499684
9564194
8976475
16379507
23747131
1562431
18492829
9570244
12384805
7889896
22565161
23101741
288486
21946197
24090047
15101027
11292279
7841058
17331237
12486433
24424141
24722763
23688137
8179563
20220293
2682347
17156222
15591456
9665186
20637249
11167879
19103729
3859359
11828556
9315428
2204661
16704894
19696287
19353317
11465651
25053766
16750325
19268506
7825420
1444609
8428787
6182816
3236940
24662947
16275661
12394700
3882217
18991158
3541602
15528910
3296982
17719303
16386890
22236501
19591981
17623816
8237838
17297323
24290135
9935021
2406863
9427455
16137240
12458862
18957616
19235039
2871945
21534846
12743142
22821273
23821414
25453593
19232615
23428834
24161568
20500784
26388532
21084429
21044518
